Name = Empresa 10
Owner = (null)
X = 1528.18566894
Y = -1695.75866699
Z = 13.38281250
Value = 0
Cash = 0
