Name = Empresa 11
Owner = (null)
X = 1541.24011230
Y = -1692.72204589
Z = 13.54788112
Value = 0
Cash = 0
