Name = Empresa 12
Owner = (null)
X = 1532.21728515
Y = -1686.36083984
Z = 13.38281250
Value = 0
Cash = 0
