Name = Empresa 13
Owner = (null)
X = 1538.74523925
Y = -1679.96533203
Z = 13.54687500
Value = 0
Cash = 0
