Name = Empresa 14
Owner = (null)
X = 1541.83544921
Y = -1683.50769042
Z = 13.55332469
Value = 0
Cash = 0
