Name = asdasd
Owner = (null)
X = 2029.61926269
Y = 1349.27233886
Z = 10.82031250
Value = 0
Cash = 0
