Name = Cassino do Sino
Owner = (null)
X = 2030.54345703
Y = 1362.30639648
Z = 10.82031250
Value = 100000
Cash = 0
