Name = Posto Sul
Owner = (null)
X = 1928.92968750
Y = -1765.23876953
Z = 13.53907203
Value = 0
Cash = 0
