Name = Empresa 18
Owner = Ninguem
X = 1962.95666503
Y = 1329.56127929
Z = 9.25009727
Value = 0
Cash = 0
