Name = (null)
Owner = (null)
X = 0.00000000
Y = 0.00000000
Z = 0.00000000
Value = 0
Cash = 0
