Name = Empresa 9
Owner = (null)
X = 2335.40527343
Y = 1261.40930175
Z = 67.46875000
Value = 0
Cash = 0
