posX = 1750.86767578
posY = -2060.83593750
posZ = 13.59731006
