Nome = Telecomunicações
Dono = O estado
Level = 5
Preco = 30000000
Extorsao = Nenhum
Comprada = 0
EntradaX = 1420.92761230
EntradaY = -1180.18066406
EntradaZ = 25.99218750
Entrada = 0
Cofre = 0
Trancada = 1
Produtos = 0
MaxProdutos = 660
Ativa = 1
Lucro = 30000
Receber = 0
