Nome = Centro de Blindagem - Empresa
Dono = O estado
Level = 5
Preco = 20000000
Extorsao = Nenhum
Comprada = 0
EntradaX = 1975.17211914
EntradaY = -2000.25500488
EntradaZ = 13.54687500
Entrada = 0
Cofre = 0
Trancada = 1
Produtos = 0
MaxProdutos = 560
Ativa = 1
Lucro = 20000
Receber = 0
