Nome = Papercuts
Dono = O estado
Level = 6
Preco = 500000
Extorsao = Nenhum
Comprada = 0
EntradaX = 1080.94128417
EntradaY = -1697.79125976
EntradaZ = 13.54687500
Entrada = 0
Cofre = 0
Trancada = 1
Produtos = 0
MaxProdutos = 900
Ativa = 1
Lucro = 300
Receber = 0
