Nome = Pedágio de LS
Dono = O estado
Level = 5
Preco = 13000000
Extorsao = Nenhum
Comprada = 0
EntradaX = 1549.35864257
EntradaY = -1271.10229492
EntradaZ = 17.40625000
Entrada = 0
Cofre = 0
Trancada = 1
Produtos = 0
MaxProdutos = 560
Ativa = 1
Lucro = 16000
Receber = 0
