Nome = Empresa de anuncios
Dono = O estado
Level = 5
Preco = 15000000
Extorsao = Nenhum
Comprada = 0
EntradaX = 1473.28759765
EntradaY = -1262.41723632
EntradaZ = 14.56250000
Entrada = 0
Cofre = 0
Trancada = 1
Produtos = 0
MaxProdutos = 450
Ativa = 1
Lucro = 15000
Receber = 0
