Nome = Empresa de Drogas
Dono = O estado
Level = 5
Preco = 25000000
Extorsao = Nenhum
Comprada = 0
EntradaX = 2151.44042968
EntradaY = -1014.32879638
EntradaZ = 62.74319076
Entrada = 0
Cofre = 0
Trancada = 1
Produtos = 0
MaxProdutos = 660
Ativa = 1
Lucro = 25000
Receber = 0
