Nome = Cassino Royal
Dono = O estado
Level = 5
Preco = 20000000
Extorsao = Nenhum
Comprada = 0
EntradaX = 2089.86621093
EntradaY = 1451.74877929
EntradaZ = 10.82031250
Entrada = 0
Cofre = 0
Trancada = 1
Produtos = 0
MaxProdutos = 550
Ativa = 1
Lucro = 20000
Receber = 0
