Nome = Agência de Veículos de LS
Dono = O estado
Level = 5
Preco = 30000000
Extorsao = Nenhum
Comprada = 0
EntradaX = 549.65618896
EntradaY = -1293.92858886
EntradaZ = 17.24823760
Entrada = 0
Cofre = 0
Trancada = 1
Produtos = 0
MaxProdutos = 600
Ativa = 1
Lucro = 30000
Receber = 0
