Nome = Decorações de Casas
Dono = O estado
Level = 5
Preco = 25000000
Extorsao = Nenhum
Comprada = 0
EntradaX = 1378.33605957
EntradaY = -1753.06311035
EntradaZ = 14.14062500
Entrada = 0
Cofre = 0
Trancada = 1
Produtos = 0
MaxProdutos = 550
Ativa = 1
Lucro = 20000
Receber = 0
