Nome = Posto de Los Santos
Dono = O estado
Level = 5
Preco = 1500000
Extorsao = Nenhum
Comprada = 0
EntradaX = 1928.91882324
EntradaY = -1785.07080078
EntradaZ = 13.54687500
Entrada = 0
Cofre = 0
Trancada = 1
Produtos = 450
MaxProdutos = 450
Ativa = 1
Lucro = 11000
Receber = 0
