Nome = (null)
Dono = The State
Level = 0
Preco = 0
Extorsao = Nenhum
Comprada = 0
EntradaX = 0.00000000
EntradaY = 0.00000000
EntradaZ = 0.00000000
SaidaX = 0.00000000
SaidaY = 0.00000000
SaidaZ = 0.00000000
Entrada = 0
Cofre = 0
Trancada = 0
Interior = 0
Produtos = 0
MaxProdutos = 0
