Nome = (null)
Dono = (null)
Level = 0
Preco = 0
Extorsao = (null)
Comprada = 0
EntradaX = 0.00000000
EntradaY = 0.00000000
EntradaZ = 0.00000000
SaidaX = 0.00000000
SaidaY = 0.00000000
SaidaZ = 0.00000000
Entrada = 0
Cofre = 3210
Trancada = 0
Interior = 0
Produtos = 0
MaxProdutos = 0
