Nome = mercado robois food mart
Dono = The State
Level = 2
Preco = 1
Extorsao = Nenhum
Comprada = 0
EntradaX = 1352.34765625
EntradaY = -1759.25219726
EntradaZ = 13.50780010
SaidaX = -26.00259971
SaidaY = -187.96620178
SaidaZ = 1003.54687500
Entrada = 0
Cofre = 0
Trancada = 0
Interior = 17
Produtos = 14
MaxProdutos = 50
