Nome = Fazenda 01
Dono = O estado
Level = 5
Preco = 600000
Comprada = 0
EntradaX = -382.97671508
EntradaY = -1426.47802734
EntradaZ = 26.31901741
Cofre = 0
Produtos = -500
MaxProdutos = 5000
Ativa = 1
Lucro = 900
Receber = 675000
