Nome = Cassino de Rosa
Dono = O estado
Level = 5
Preco = 20000000
Extorsao = Nenhum
Comprada = 0
EntradaX = 2015.07263183
EntradaY = 1106.99389648
EntradaZ = 10.82031250
Entrada = 0
Cofre = 0
Trancada = 1
Produtos = 0
MaxProdutos = 550
Ativa = 1
Lucro = 20000
Receber = 0
