Nome = Restaurante
Dono = Derek
Level = 1
Preco = 1
Extorsao = Nenhum
Comprada = 1
EntradaX = 1869.51965332
EntradaY = -1926.28759765
EntradaZ = 14.71265697
Entrada = 0
Cofre = 119012086
Trancada = 0
Produtos = 0
MaxProdutos = 50
Ativa = 1
Lucro = 50000
Receber = 0
