Nome = Pedágio de LS
Dono = Adriele_Santos
Level = 5
Preco = 500000
Extorsao = Extreme_Max
Comprada = 1
EntradaX = 1549.35864257
EntradaY = -1271.10229492
EntradaZ = 17.40625000
Entrada = 0
Cofre = 3656240
Trancada = 0
Produtos = -6
MaxProdutos = 560
Ativa = 1
Lucro = 16000
Receber = 0
