Nome = Centro de Blindagem - Empresa
Dono = O estado
Level = 5
Preco = 20000000
Extorsao = Nenhum
Comprada = 0
EntradaX = 0.00000000
EntradaY = 0.00000000
EntradaZ = 0.00000000
Entrada = 0
Cofre = 187074
Trancada = 1
Produtos = 0
MaxProdutos = 560
Ativa = 0
Lucro = 20000
Receber = -6786
