Nome = Decorações de Casas
Dono = O estado
Level = 5
Preco = 25000000
Extorsao = Nenhum
Comprada = 0
EntradaX = 0.00000000
EntradaY = 0.00000000
EntradaZ = 0.00000000
Entrada = 0
Cofre = 128850
Trancada = 1
Produtos = -3
MaxProdutos = 550
Ativa = 0
Lucro = 20000
Receber = 0
