Nome = Posto de Los Santos
Dono = O estado
Level = 5
Preco = 1500000
Extorsao = Nenhum
Comprada = 0
EntradaX = 0.00000000
EntradaY = 0.00000000
EntradaZ = 0.00000000
Entrada = 0
Cofre = 235745
Trancada = 1
Produtos = -10
MaxProdutos = 450
Ativa = 0
Lucro = 11000
Receber = 0
