Nome = Agência de Veículos de LS
Dono = O estado
Level = 5
Preco = 30000000
Extorsao = Nenhum
Comprada = 0
EntradaX = 0.00000000
EntradaY = 0.00000000
EntradaZ = 0.00000000
Entrada = 0
Cofre = 64757000
Trancada = 1
Produtos = 0
MaxProdutos = 600
Ativa = 0
Lucro = 30000
Receber = 0
