Dono = (null)
Level = 0
EntradaX = 0.00000000
EntradaY = 0.00000000
EntradaZ = 0.00000000
SaidaX = 0.00000000
SaidaY = 0.00000000
SaidaZ = 0.00000000
Descricao = (null)
Valor = 0
Interior = 0
Vida = 0
Colete = 0
Trancada = 0
Comprada = 0
Aluguel = 0
Alugavel = 0
CofreR = 0
Carro = 0
Cor1 = 0
Cor2 = 0
VW = 149
Data = 0
hSpawnX = 0.00000000
hSpawnY = 0.00000000
hSpawnZ = 0.00000000
hSpawnA = 0.00000000
Ativa = 0
