Dono = O estado
Level = 1
EntradaX = 1497.18518066
EntradaY = -688.03350830
EntradaZ = 95.56330871
SaidaX = 0.00000000
SaidaY = 0.00000000
SaidaZ = 0.00000000
Descricao = Casa Free
Valor = 10
Interior = 7
Vida = 0
Colete = 0
Trancada = 1
Comprada = 0
Aluguel = 200
Alugavel = 1
CofreR = 0
Carro = 475
Cor1 = 0
Cor2 = 0
VW = 0
Data = 330
hSpawnX = 0.00000000
hSpawnY = 0.00000000
hSpawnZ = 0.00000000
hSpawnA = 0.00000000
Ativa = 1
HImposto = 0
